{
 "cells": [
  {
   "cell_type": "code",
   "execution_count": null,
   "metadata": {},
   "outputs": [],
   "source": []
  },
  {
   "cell_type": "markdown",
   "metadata": {},
   "source": [
    "Based on https://www.kaggle.com/code/sanchitakarmakar/heart-failure-prediction-visualization\n",
    "https://www.kaggle.com/code/durgancegaur/a-guide-to-any-classification-problem#Exploratory-Data-Analysis\n"
   ]
  },
  {
   "cell_type": "code",
   "execution_count": 1,
   "metadata": {},
   "outputs": [],
   "source": [
    "import pandas as pd\n",
    "import numpy as np\n",
    "import matplotlib.pyplot as plt\n",
    "import seaborn as sns\n",
    "import matplotlib.pyplot as plt\n",
    "import plotly.express as px"
   ]
  },
  {
   "cell_type": "code",
   "execution_count": 3,
   "metadata": {},
   "outputs": [],
   "source": [
    "df=pd.read_csv(\"heart_failure_clinical_records_dataset.csv\")"
   ]
  },
  {
   "cell_type": "code",
   "execution_count": 4,
   "metadata": {},
   "outputs": [
    {
     "data": {
      "text/html": [
       "<div>\n",
       "<style scoped>\n",
       "    .dataframe tbody tr th:only-of-type {\n",
       "        vertical-align: middle;\n",
       "    }\n",
       "\n",
       "    .dataframe tbody tr th {\n",
       "        vertical-align: top;\n",
       "    }\n",
       "\n",
       "    .dataframe thead th {\n",
       "        text-align: right;\n",
       "    }\n",
       "</style>\n",
       "<table border=\"1\" class=\"dataframe\">\n",
       "  <thead>\n",
       "    <tr style=\"text-align: right;\">\n",
       "      <th></th>\n",
       "      <th>age</th>\n",
       "      <th>anaemia</th>\n",
       "      <th>creatinine_phosphokinase</th>\n",
       "      <th>diabetes</th>\n",
       "      <th>ejection_fraction</th>\n",
       "      <th>high_blood_pressure</th>\n",
       "      <th>platelets</th>\n",
       "      <th>serum_creatinine</th>\n",
       "      <th>serum_sodium</th>\n",
       "      <th>sex</th>\n",
       "      <th>smoking</th>\n",
       "      <th>time</th>\n",
       "      <th>DEATH_EVENT</th>\n",
       "    </tr>\n",
       "  </thead>\n",
       "  <tbody>\n",
       "    <tr>\n",
       "      <th>0</th>\n",
       "      <td>75.0</td>\n",
       "      <td>0</td>\n",
       "      <td>582</td>\n",
       "      <td>0</td>\n",
       "      <td>20</td>\n",
       "      <td>1</td>\n",
       "      <td>265000.00</td>\n",
       "      <td>1.9</td>\n",
       "      <td>130</td>\n",
       "      <td>1</td>\n",
       "      <td>0</td>\n",
       "      <td>4</td>\n",
       "      <td>1</td>\n",
       "    </tr>\n",
       "    <tr>\n",
       "      <th>1</th>\n",
       "      <td>55.0</td>\n",
       "      <td>0</td>\n",
       "      <td>7861</td>\n",
       "      <td>0</td>\n",
       "      <td>38</td>\n",
       "      <td>0</td>\n",
       "      <td>263358.03</td>\n",
       "      <td>1.1</td>\n",
       "      <td>136</td>\n",
       "      <td>1</td>\n",
       "      <td>0</td>\n",
       "      <td>6</td>\n",
       "      <td>1</td>\n",
       "    </tr>\n",
       "    <tr>\n",
       "      <th>2</th>\n",
       "      <td>65.0</td>\n",
       "      <td>0</td>\n",
       "      <td>146</td>\n",
       "      <td>0</td>\n",
       "      <td>20</td>\n",
       "      <td>0</td>\n",
       "      <td>162000.00</td>\n",
       "      <td>1.3</td>\n",
       "      <td>129</td>\n",
       "      <td>1</td>\n",
       "      <td>1</td>\n",
       "      <td>7</td>\n",
       "      <td>1</td>\n",
       "    </tr>\n",
       "    <tr>\n",
       "      <th>3</th>\n",
       "      <td>50.0</td>\n",
       "      <td>1</td>\n",
       "      <td>111</td>\n",
       "      <td>0</td>\n",
       "      <td>20</td>\n",
       "      <td>0</td>\n",
       "      <td>210000.00</td>\n",
       "      <td>1.9</td>\n",
       "      <td>137</td>\n",
       "      <td>1</td>\n",
       "      <td>0</td>\n",
       "      <td>7</td>\n",
       "      <td>1</td>\n",
       "    </tr>\n",
       "    <tr>\n",
       "      <th>4</th>\n",
       "      <td>65.0</td>\n",
       "      <td>1</td>\n",
       "      <td>160</td>\n",
       "      <td>1</td>\n",
       "      <td>20</td>\n",
       "      <td>0</td>\n",
       "      <td>327000.00</td>\n",
       "      <td>2.7</td>\n",
       "      <td>116</td>\n",
       "      <td>0</td>\n",
       "      <td>0</td>\n",
       "      <td>8</td>\n",
       "      <td>1</td>\n",
       "    </tr>\n",
       "  </tbody>\n",
       "</table>\n",
       "</div>"
      ],
      "text/plain": [
       "    age  anaemia  creatinine_phosphokinase  diabetes  ejection_fraction  \\\n",
       "0  75.0        0                       582         0                 20   \n",
       "1  55.0        0                      7861         0                 38   \n",
       "2  65.0        0                       146         0                 20   \n",
       "3  50.0        1                       111         0                 20   \n",
       "4  65.0        1                       160         1                 20   \n",
       "\n",
       "   high_blood_pressure  platelets  serum_creatinine  serum_sodium  sex  \\\n",
       "0                    1  265000.00               1.9           130    1   \n",
       "1                    0  263358.03               1.1           136    1   \n",
       "2                    0  162000.00               1.3           129    1   \n",
       "3                    0  210000.00               1.9           137    1   \n",
       "4                    0  327000.00               2.7           116    0   \n",
       "\n",
       "   smoking  time  DEATH_EVENT  \n",
       "0        0     4            1  \n",
       "1        0     6            1  \n",
       "2        1     7            1  \n",
       "3        0     7            1  \n",
       "4        0     8            1  "
      ]
     },
     "execution_count": 4,
     "metadata": {},
     "output_type": "execute_result"
    }
   ],
   "source": [
    "df.head()"
   ]
  },
  {
   "cell_type": "code",
   "execution_count": 5,
   "metadata": {},
   "outputs": [
    {
     "name": "stdout",
     "output_type": "stream",
     "text": [
      "<class 'pandas.core.frame.DataFrame'>\n",
      "RangeIndex: 299 entries, 0 to 298\n",
      "Data columns (total 13 columns):\n",
      " #   Column                    Non-Null Count  Dtype  \n",
      "---  ------                    --------------  -----  \n",
      " 0   age                       299 non-null    float64\n",
      " 1   anaemia                   299 non-null    int64  \n",
      " 2   creatinine_phosphokinase  299 non-null    int64  \n",
      " 3   diabetes                  299 non-null    int64  \n",
      " 4   ejection_fraction         299 non-null    int64  \n",
      " 5   high_blood_pressure       299 non-null    int64  \n",
      " 6   platelets                 299 non-null    float64\n",
      " 7   serum_creatinine          299 non-null    float64\n",
      " 8   serum_sodium              299 non-null    int64  \n",
      " 9   sex                       299 non-null    int64  \n",
      " 10  smoking                   299 non-null    int64  \n",
      " 11  time                      299 non-null    int64  \n",
      " 12  DEATH_EVENT               299 non-null    int64  \n",
      "dtypes: float64(3), int64(10)\n",
      "memory usage: 30.5 KB\n"
     ]
    }
   ],
   "source": [
    "df.info()"
   ]
  },
  {
   "cell_type": "code",
   "execution_count": 6,
   "metadata": {},
   "outputs": [
    {
     "data": {
      "text/html": [
       "<div>\n",
       "<style scoped>\n",
       "    .dataframe tbody tr th:only-of-type {\n",
       "        vertical-align: middle;\n",
       "    }\n",
       "\n",
       "    .dataframe tbody tr th {\n",
       "        vertical-align: top;\n",
       "    }\n",
       "\n",
       "    .dataframe thead th {\n",
       "        text-align: right;\n",
       "    }\n",
       "</style>\n",
       "<table border=\"1\" class=\"dataframe\">\n",
       "  <thead>\n",
       "    <tr style=\"text-align: right;\">\n",
       "      <th></th>\n",
       "      <th>age</th>\n",
       "      <th>anaemia</th>\n",
       "      <th>creatinine_phosphokinase</th>\n",
       "      <th>diabetes</th>\n",
       "      <th>ejection_fraction</th>\n",
       "      <th>high_blood_pressure</th>\n",
       "      <th>platelets</th>\n",
       "      <th>serum_creatinine</th>\n",
       "      <th>serum_sodium</th>\n",
       "      <th>sex</th>\n",
       "      <th>smoking</th>\n",
       "      <th>time</th>\n",
       "      <th>DEATH_EVENT</th>\n",
       "    </tr>\n",
       "  </thead>\n",
       "  <tbody>\n",
       "    <tr>\n",
       "      <th>count</th>\n",
       "      <td>299.000000</td>\n",
       "      <td>299.000000</td>\n",
       "      <td>299.000000</td>\n",
       "      <td>299.000000</td>\n",
       "      <td>299.000000</td>\n",
       "      <td>299.000000</td>\n",
       "      <td>299.000000</td>\n",
       "      <td>299.00000</td>\n",
       "      <td>299.000000</td>\n",
       "      <td>299.000000</td>\n",
       "      <td>299.00000</td>\n",
       "      <td>299.000000</td>\n",
       "      <td>299.00000</td>\n",
       "    </tr>\n",
       "    <tr>\n",
       "      <th>mean</th>\n",
       "      <td>60.833893</td>\n",
       "      <td>0.431438</td>\n",
       "      <td>581.839465</td>\n",
       "      <td>0.418060</td>\n",
       "      <td>38.083612</td>\n",
       "      <td>0.351171</td>\n",
       "      <td>263358.029264</td>\n",
       "      <td>1.39388</td>\n",
       "      <td>136.625418</td>\n",
       "      <td>0.648829</td>\n",
       "      <td>0.32107</td>\n",
       "      <td>130.260870</td>\n",
       "      <td>0.32107</td>\n",
       "    </tr>\n",
       "    <tr>\n",
       "      <th>std</th>\n",
       "      <td>11.894809</td>\n",
       "      <td>0.496107</td>\n",
       "      <td>970.287881</td>\n",
       "      <td>0.494067</td>\n",
       "      <td>11.834841</td>\n",
       "      <td>0.478136</td>\n",
       "      <td>97804.236869</td>\n",
       "      <td>1.03451</td>\n",
       "      <td>4.412477</td>\n",
       "      <td>0.478136</td>\n",
       "      <td>0.46767</td>\n",
       "      <td>77.614208</td>\n",
       "      <td>0.46767</td>\n",
       "    </tr>\n",
       "    <tr>\n",
       "      <th>min</th>\n",
       "      <td>40.000000</td>\n",
       "      <td>0.000000</td>\n",
       "      <td>23.000000</td>\n",
       "      <td>0.000000</td>\n",
       "      <td>14.000000</td>\n",
       "      <td>0.000000</td>\n",
       "      <td>25100.000000</td>\n",
       "      <td>0.50000</td>\n",
       "      <td>113.000000</td>\n",
       "      <td>0.000000</td>\n",
       "      <td>0.00000</td>\n",
       "      <td>4.000000</td>\n",
       "      <td>0.00000</td>\n",
       "    </tr>\n",
       "    <tr>\n",
       "      <th>25%</th>\n",
       "      <td>51.000000</td>\n",
       "      <td>0.000000</td>\n",
       "      <td>116.500000</td>\n",
       "      <td>0.000000</td>\n",
       "      <td>30.000000</td>\n",
       "      <td>0.000000</td>\n",
       "      <td>212500.000000</td>\n",
       "      <td>0.90000</td>\n",
       "      <td>134.000000</td>\n",
       "      <td>0.000000</td>\n",
       "      <td>0.00000</td>\n",
       "      <td>73.000000</td>\n",
       "      <td>0.00000</td>\n",
       "    </tr>\n",
       "    <tr>\n",
       "      <th>50%</th>\n",
       "      <td>60.000000</td>\n",
       "      <td>0.000000</td>\n",
       "      <td>250.000000</td>\n",
       "      <td>0.000000</td>\n",
       "      <td>38.000000</td>\n",
       "      <td>0.000000</td>\n",
       "      <td>262000.000000</td>\n",
       "      <td>1.10000</td>\n",
       "      <td>137.000000</td>\n",
       "      <td>1.000000</td>\n",
       "      <td>0.00000</td>\n",
       "      <td>115.000000</td>\n",
       "      <td>0.00000</td>\n",
       "    </tr>\n",
       "    <tr>\n",
       "      <th>75%</th>\n",
       "      <td>70.000000</td>\n",
       "      <td>1.000000</td>\n",
       "      <td>582.000000</td>\n",
       "      <td>1.000000</td>\n",
       "      <td>45.000000</td>\n",
       "      <td>1.000000</td>\n",
       "      <td>303500.000000</td>\n",
       "      <td>1.40000</td>\n",
       "      <td>140.000000</td>\n",
       "      <td>1.000000</td>\n",
       "      <td>1.00000</td>\n",
       "      <td>203.000000</td>\n",
       "      <td>1.00000</td>\n",
       "    </tr>\n",
       "    <tr>\n",
       "      <th>max</th>\n",
       "      <td>95.000000</td>\n",
       "      <td>1.000000</td>\n",
       "      <td>7861.000000</td>\n",
       "      <td>1.000000</td>\n",
       "      <td>80.000000</td>\n",
       "      <td>1.000000</td>\n",
       "      <td>850000.000000</td>\n",
       "      <td>9.40000</td>\n",
       "      <td>148.000000</td>\n",
       "      <td>1.000000</td>\n",
       "      <td>1.00000</td>\n",
       "      <td>285.000000</td>\n",
       "      <td>1.00000</td>\n",
       "    </tr>\n",
       "  </tbody>\n",
       "</table>\n",
       "</div>"
      ],
      "text/plain": [
       "              age     anaemia  creatinine_phosphokinase    diabetes  \\\n",
       "count  299.000000  299.000000                299.000000  299.000000   \n",
       "mean    60.833893    0.431438                581.839465    0.418060   \n",
       "std     11.894809    0.496107                970.287881    0.494067   \n",
       "min     40.000000    0.000000                 23.000000    0.000000   \n",
       "25%     51.000000    0.000000                116.500000    0.000000   \n",
       "50%     60.000000    0.000000                250.000000    0.000000   \n",
       "75%     70.000000    1.000000                582.000000    1.000000   \n",
       "max     95.000000    1.000000               7861.000000    1.000000   \n",
       "\n",
       "       ejection_fraction  high_blood_pressure      platelets  \\\n",
       "count         299.000000           299.000000     299.000000   \n",
       "mean           38.083612             0.351171  263358.029264   \n",
       "std            11.834841             0.478136   97804.236869   \n",
       "min            14.000000             0.000000   25100.000000   \n",
       "25%            30.000000             0.000000  212500.000000   \n",
       "50%            38.000000             0.000000  262000.000000   \n",
       "75%            45.000000             1.000000  303500.000000   \n",
       "max            80.000000             1.000000  850000.000000   \n",
       "\n",
       "       serum_creatinine  serum_sodium         sex    smoking        time  \\\n",
       "count         299.00000    299.000000  299.000000  299.00000  299.000000   \n",
       "mean            1.39388    136.625418    0.648829    0.32107  130.260870   \n",
       "std             1.03451      4.412477    0.478136    0.46767   77.614208   \n",
       "min             0.50000    113.000000    0.000000    0.00000    4.000000   \n",
       "25%             0.90000    134.000000    0.000000    0.00000   73.000000   \n",
       "50%             1.10000    137.000000    1.000000    0.00000  115.000000   \n",
       "75%             1.40000    140.000000    1.000000    1.00000  203.000000   \n",
       "max             9.40000    148.000000    1.000000    1.00000  285.000000   \n",
       "\n",
       "       DEATH_EVENT  \n",
       "count    299.00000  \n",
       "mean       0.32107  \n",
       "std        0.46767  \n",
       "min        0.00000  \n",
       "25%        0.00000  \n",
       "50%        0.00000  \n",
       "75%        1.00000  \n",
       "max        1.00000  "
      ]
     },
     "execution_count": 6,
     "metadata": {},
     "output_type": "execute_result"
    }
   ],
   "source": [
    "df.describe()"
   ]
  },
  {
   "cell_type": "code",
   "execution_count": 11,
   "metadata": {},
   "outputs": [
    {
     "data": {
      "application/vnd.plotly.v1+json": {
       "config": {
        "plotlyServerURL": "https://plot.ly"
       },
       "data": [
        {
         "coloraxis": "coloraxis",
         "hovertemplate": "x: %{x}<br>y: %{y}<br>color: %{z}<extra></extra>",
         "name": "0",
         "type": "heatmap",
         "x": [
          "age",
          "anaemia",
          "creatinine_phosphokinase",
          "diabetes",
          "ejection_fraction",
          "high_blood_pressure",
          "platelets",
          "serum_creatinine",
          "serum_sodium",
          "sex",
          "smoking",
          "time",
          "DEATH_EVENT"
         ],
         "xaxis": "x",
         "y": [
          "age",
          "anaemia",
          "creatinine_phosphokinase",
          "diabetes",
          "ejection_fraction",
          "high_blood_pressure",
          "platelets",
          "serum_creatinine",
          "serum_sodium",
          "sex",
          "smoking",
          "time",
          "DEATH_EVENT"
         ],
         "yaxis": "y",
         "z": [
          [
           1,
           0.0880064413193916,
           -0.08158389977909229,
           -0.10101238518196966,
           0.06009836323291317,
           0.09328868460631876,
           -0.05235436663012704,
           0.15918713328355003,
           -0.045965840839560256,
           0.06542952364475427,
           0.018667867990770408,
           -0.22406841997203494,
           0.25372854308800347
          ],
          [
           0.0880064413193916,
           1,
           -0.19074103020066285,
           -0.012729045809463367,
           0.03155697075815429,
           0.03818200273242718,
           -0.04378554973240566,
           0.05217360364693803,
           0.04188161029786256,
           -0.09476896093314953,
           -0.10728983823716665,
           -0.1414139822724653,
           0.06627009846028795
          ],
          [
           -0.08158389977909229,
           -0.19074103020066285,
           1,
           -0.009638513675167997,
           -0.04407955445671152,
           -0.0705899799632517,
           0.024463388519574126,
           -0.016408479546217346,
           0.059550155833725735,
           0.07979062873290346,
           0.0024212351965237004,
           -0.00934565314298209,
           0.06272816025237475
          ],
          [
           -0.10101238518196966,
           -0.012729045809463367,
           -0.009638513675167997,
           1,
           -0.004850309667580941,
           -0.012732381675485948,
           0.09219282828243905,
           -0.0469753153792132,
           -0.0895506193058877,
           -0.15772950433810978,
           -0.1471734133234141,
           0.03372550900034768,
           -0.0019428833442033991
          ],
          [
           0.06009836323291317,
           0.03155697075815429,
           -0.04407955445671152,
           -0.004850309667580941,
           1,
           0.02444473137627511,
           0.07217746574435013,
           -0.011302474995417082,
           0.1759022820079626,
           -0.14838596532635928,
           -0.06731456733133784,
           0.04172923548352845,
           -0.26860331239406127
          ],
          [
           0.09328868460631876,
           0.03818200273242718,
           -0.0705899799632517,
           -0.012732381675485948,
           0.02444473137627511,
           1,
           0.04996348119795095,
           -0.0049345251139907296,
           0.037109469732183924,
           -0.10461462935689739,
           -0.055711368777562775,
           -0.1964394789312626,
           0.0793510576912853
          ],
          [
           -0.05235436663012704,
           -0.04378554973240566,
           0.024463388519574126,
           0.09219282828243905,
           0.07217746574435013,
           0.04996348119795095,
           1,
           -0.04119807711256375,
           0.06212461923840678,
           -0.12512048280918261,
           0.02823444771434774,
           0.010513908990174799,
           -0.04913886798037408
          ],
          [
           0.15918713328355003,
           0.05217360364693803,
           -0.016408479546217346,
           -0.0469753153792132,
           -0.011302474995417082,
           -0.0049345251139907296,
           -0.04119807711256375,
           1,
           -0.18909521009117405,
           0.006969778483151021,
           -0.027414135447069114,
           -0.14931541756792913,
           0.29427756098414914
          ],
          [
           -0.045965840839560256,
           0.04188161029786256,
           0.059550155833725735,
           -0.0895506193058877,
           0.1759022820079626,
           0.037109469732183924,
           0.06212461923840678,
           -0.18909521009117405,
           1,
           -0.02756612272823605,
           0.004813194662557512,
           0.08764000017336739,
           -0.19520359641640217
          ],
          [
           0.06542952364475427,
           -0.09476896093314953,
           0.07979062873290346,
           -0.15772950433810978,
           -0.14838596532635928,
           -0.10461462935689739,
           -0.12512048280918261,
           0.006969778483151021,
           -0.02756612272823605,
           1,
           0.4458917119097906,
           -0.015608220381409205,
           -0.004316376319703093
          ],
          [
           0.018667867990770408,
           -0.10728983823716665,
           0.0024212351965237004,
           -0.1471734133234141,
           -0.06731456733133784,
           -0.055711368777562775,
           0.02823444771434774,
           -0.027414135447069114,
           0.004813194662557512,
           0.4458917119097906,
           1,
           -0.02283894244784745,
           -0.012623152709359344
          ],
          [
           -0.22406841997203494,
           -0.1414139822724653,
           -0.00934565314298209,
           0.03372550900034768,
           0.04172923548352845,
           -0.1964394789312626,
           0.010513908990174799,
           -0.14931541756792913,
           0.08764000017336739,
           -0.015608220381409205,
           -0.02283894244784745,
           1,
           -0.5269637792775774
          ],
          [
           0.25372854308800347,
           0.06627009846028795,
           0.06272816025237475,
           -0.0019428833442033991,
           -0.26860331239406127,
           0.0793510576912853,
           -0.04913886798037408,
           0.29427756098414914,
           -0.19520359641640217,
           -0.004316376319703093,
           -0.012623152709359344,
           -0.5269637792775774,
           1
          ]
         ]
        }
       ],
       "layout": {
        "coloraxis": {
         "colorscale": [
          [
           0,
           "#0d0887"
          ],
          [
           0.1111111111111111,
           "#46039f"
          ],
          [
           0.2222222222222222,
           "#7201a8"
          ],
          [
           0.3333333333333333,
           "#9c179e"
          ],
          [
           0.4444444444444444,
           "#bd3786"
          ],
          [
           0.5555555555555556,
           "#d8576b"
          ],
          [
           0.6666666666666666,
           "#ed7953"
          ],
          [
           0.7777777777777778,
           "#fb9f3a"
          ],
          [
           0.8888888888888888,
           "#fdca26"
          ],
          [
           1,
           "#f0f921"
          ]
         ]
        },
        "template": {
         "data": {
          "bar": [
           {
            "error_x": {
             "color": "#2a3f5f"
            },
            "error_y": {
             "color": "#2a3f5f"
            },
            "marker": {
             "line": {
              "color": "#E5ECF6",
              "width": 0.5
             },
             "pattern": {
              "fillmode": "overlay",
              "size": 10,
              "solidity": 0.2
             }
            },
            "type": "bar"
           }
          ],
          "barpolar": [
           {
            "marker": {
             "line": {
              "color": "#E5ECF6",
              "width": 0.5
             },
             "pattern": {
              "fillmode": "overlay",
              "size": 10,
              "solidity": 0.2
             }
            },
            "type": "barpolar"
           }
          ],
          "carpet": [
           {
            "aaxis": {
             "endlinecolor": "#2a3f5f",
             "gridcolor": "white",
             "linecolor": "white",
             "minorgridcolor": "white",
             "startlinecolor": "#2a3f5f"
            },
            "baxis": {
             "endlinecolor": "#2a3f5f",
             "gridcolor": "white",
             "linecolor": "white",
             "minorgridcolor": "white",
             "startlinecolor": "#2a3f5f"
            },
            "type": "carpet"
           }
          ],
          "choropleth": [
           {
            "colorbar": {
             "outlinewidth": 0,
             "ticks": ""
            },
            "type": "choropleth"
           }
          ],
          "contour": [
           {
            "colorbar": {
             "outlinewidth": 0,
             "ticks": ""
            },
            "colorscale": [
             [
              0,
              "#0d0887"
             ],
             [
              0.1111111111111111,
              "#46039f"
             ],
             [
              0.2222222222222222,
              "#7201a8"
             ],
             [
              0.3333333333333333,
              "#9c179e"
             ],
             [
              0.4444444444444444,
              "#bd3786"
             ],
             [
              0.5555555555555556,
              "#d8576b"
             ],
             [
              0.6666666666666666,
              "#ed7953"
             ],
             [
              0.7777777777777778,
              "#fb9f3a"
             ],
             [
              0.8888888888888888,
              "#fdca26"
             ],
             [
              1,
              "#f0f921"
             ]
            ],
            "type": "contour"
           }
          ],
          "contourcarpet": [
           {
            "colorbar": {
             "outlinewidth": 0,
             "ticks": ""
            },
            "type": "contourcarpet"
           }
          ],
          "heatmap": [
           {
            "colorbar": {
             "outlinewidth": 0,
             "ticks": ""
            },
            "colorscale": [
             [
              0,
              "#0d0887"
             ],
             [
              0.1111111111111111,
              "#46039f"
             ],
             [
              0.2222222222222222,
              "#7201a8"
             ],
             [
              0.3333333333333333,
              "#9c179e"
             ],
             [
              0.4444444444444444,
              "#bd3786"
             ],
             [
              0.5555555555555556,
              "#d8576b"
             ],
             [
              0.6666666666666666,
              "#ed7953"
             ],
             [
              0.7777777777777778,
              "#fb9f3a"
             ],
             [
              0.8888888888888888,
              "#fdca26"
             ],
             [
              1,
              "#f0f921"
             ]
            ],
            "type": "heatmap"
           }
          ],
          "heatmapgl": [
           {
            "colorbar": {
             "outlinewidth": 0,
             "ticks": ""
            },
            "colorscale": [
             [
              0,
              "#0d0887"
             ],
             [
              0.1111111111111111,
              "#46039f"
             ],
             [
              0.2222222222222222,
              "#7201a8"
             ],
             [
              0.3333333333333333,
              "#9c179e"
             ],
             [
              0.4444444444444444,
              "#bd3786"
             ],
             [
              0.5555555555555556,
              "#d8576b"
             ],
             [
              0.6666666666666666,
              "#ed7953"
             ],
             [
              0.7777777777777778,
              "#fb9f3a"
             ],
             [
              0.8888888888888888,
              "#fdca26"
             ],
             [
              1,
              "#f0f921"
             ]
            ],
            "type": "heatmapgl"
           }
          ],
          "histogram": [
           {
            "marker": {
             "pattern": {
              "fillmode": "overlay",
              "size": 10,
              "solidity": 0.2
             }
            },
            "type": "histogram"
           }
          ],
          "histogram2d": [
           {
            "colorbar": {
             "outlinewidth": 0,
             "ticks": ""
            },
            "colorscale": [
             [
              0,
              "#0d0887"
             ],
             [
              0.1111111111111111,
              "#46039f"
             ],
             [
              0.2222222222222222,
              "#7201a8"
             ],
             [
              0.3333333333333333,
              "#9c179e"
             ],
             [
              0.4444444444444444,
              "#bd3786"
             ],
             [
              0.5555555555555556,
              "#d8576b"
             ],
             [
              0.6666666666666666,
              "#ed7953"
             ],
             [
              0.7777777777777778,
              "#fb9f3a"
             ],
             [
              0.8888888888888888,
              "#fdca26"
             ],
             [
              1,
              "#f0f921"
             ]
            ],
            "type": "histogram2d"
           }
          ],
          "histogram2dcontour": [
           {
            "colorbar": {
             "outlinewidth": 0,
             "ticks": ""
            },
            "colorscale": [
             [
              0,
              "#0d0887"
             ],
             [
              0.1111111111111111,
              "#46039f"
             ],
             [
              0.2222222222222222,
              "#7201a8"
             ],
             [
              0.3333333333333333,
              "#9c179e"
             ],
             [
              0.4444444444444444,
              "#bd3786"
             ],
             [
              0.5555555555555556,
              "#d8576b"
             ],
             [
              0.6666666666666666,
              "#ed7953"
             ],
             [
              0.7777777777777778,
              "#fb9f3a"
             ],
             [
              0.8888888888888888,
              "#fdca26"
             ],
             [
              1,
              "#f0f921"
             ]
            ],
            "type": "histogram2dcontour"
           }
          ],
          "mesh3d": [
           {
            "colorbar": {
             "outlinewidth": 0,
             "ticks": ""
            },
            "type": "mesh3d"
           }
          ],
          "parcoords": [
           {
            "line": {
             "colorbar": {
              "outlinewidth": 0,
              "ticks": ""
             }
            },
            "type": "parcoords"
           }
          ],
          "pie": [
           {
            "automargin": true,
            "type": "pie"
           }
          ],
          "scatter": [
           {
            "fillpattern": {
             "fillmode": "overlay",
             "size": 10,
             "solidity": 0.2
            },
            "type": "scatter"
           }
          ],
          "scatter3d": [
           {
            "line": {
             "colorbar": {
              "outlinewidth": 0,
              "ticks": ""
             }
            },
            "marker": {
             "colorbar": {
              "outlinewidth": 0,
              "ticks": ""
             }
            },
            "type": "scatter3d"
           }
          ],
          "scattercarpet": [
           {
            "marker": {
             "colorbar": {
              "outlinewidth": 0,
              "ticks": ""
             }
            },
            "type": "scattercarpet"
           }
          ],
          "scattergeo": [
           {
            "marker": {
             "colorbar": {
              "outlinewidth": 0,
              "ticks": ""
             }
            },
            "type": "scattergeo"
           }
          ],
          "scattergl": [
           {
            "marker": {
             "colorbar": {
              "outlinewidth": 0,
              "ticks": ""
             }
            },
            "type": "scattergl"
           }
          ],
          "scattermapbox": [
           {
            "marker": {
             "colorbar": {
              "outlinewidth": 0,
              "ticks": ""
             }
            },
            "type": "scattermapbox"
           }
          ],
          "scatterpolar": [
           {
            "marker": {
             "colorbar": {
              "outlinewidth": 0,
              "ticks": ""
             }
            },
            "type": "scatterpolar"
           }
          ],
          "scatterpolargl": [
           {
            "marker": {
             "colorbar": {
              "outlinewidth": 0,
              "ticks": ""
             }
            },
            "type": "scatterpolargl"
           }
          ],
          "scatterternary": [
           {
            "marker": {
             "colorbar": {
              "outlinewidth": 0,
              "ticks": ""
             }
            },
            "type": "scatterternary"
           }
          ],
          "surface": [
           {
            "colorbar": {
             "outlinewidth": 0,
             "ticks": ""
            },
            "colorscale": [
             [
              0,
              "#0d0887"
             ],
             [
              0.1111111111111111,
              "#46039f"
             ],
             [
              0.2222222222222222,
              "#7201a8"
             ],
             [
              0.3333333333333333,
              "#9c179e"
             ],
             [
              0.4444444444444444,
              "#bd3786"
             ],
             [
              0.5555555555555556,
              "#d8576b"
             ],
             [
              0.6666666666666666,
              "#ed7953"
             ],
             [
              0.7777777777777778,
              "#fb9f3a"
             ],
             [
              0.8888888888888888,
              "#fdca26"
             ],
             [
              1,
              "#f0f921"
             ]
            ],
            "type": "surface"
           }
          ],
          "table": [
           {
            "cells": {
             "fill": {
              "color": "#EBF0F8"
             },
             "line": {
              "color": "white"
             }
            },
            "header": {
             "fill": {
              "color": "#C8D4E3"
             },
             "line": {
              "color": "white"
             }
            },
            "type": "table"
           }
          ]
         },
         "layout": {
          "annotationdefaults": {
           "arrowcolor": "#2a3f5f",
           "arrowhead": 0,
           "arrowwidth": 1
          },
          "autotypenumbers": "strict",
          "coloraxis": {
           "colorbar": {
            "outlinewidth": 0,
            "ticks": ""
           }
          },
          "colorscale": {
           "diverging": [
            [
             0,
             "#8e0152"
            ],
            [
             0.1,
             "#c51b7d"
            ],
            [
             0.2,
             "#de77ae"
            ],
            [
             0.3,
             "#f1b6da"
            ],
            [
             0.4,
             "#fde0ef"
            ],
            [
             0.5,
             "#f7f7f7"
            ],
            [
             0.6,
             "#e6f5d0"
            ],
            [
             0.7,
             "#b8e186"
            ],
            [
             0.8,
             "#7fbc41"
            ],
            [
             0.9,
             "#4d9221"
            ],
            [
             1,
             "#276419"
            ]
           ],
           "sequential": [
            [
             0,
             "#0d0887"
            ],
            [
             0.1111111111111111,
             "#46039f"
            ],
            [
             0.2222222222222222,
             "#7201a8"
            ],
            [
             0.3333333333333333,
             "#9c179e"
            ],
            [
             0.4444444444444444,
             "#bd3786"
            ],
            [
             0.5555555555555556,
             "#d8576b"
            ],
            [
             0.6666666666666666,
             "#ed7953"
            ],
            [
             0.7777777777777778,
             "#fb9f3a"
            ],
            [
             0.8888888888888888,
             "#fdca26"
            ],
            [
             1,
             "#f0f921"
            ]
           ],
           "sequentialminus": [
            [
             0,
             "#0d0887"
            ],
            [
             0.1111111111111111,
             "#46039f"
            ],
            [
             0.2222222222222222,
             "#7201a8"
            ],
            [
             0.3333333333333333,
             "#9c179e"
            ],
            [
             0.4444444444444444,
             "#bd3786"
            ],
            [
             0.5555555555555556,
             "#d8576b"
            ],
            [
             0.6666666666666666,
             "#ed7953"
            ],
            [
             0.7777777777777778,
             "#fb9f3a"
            ],
            [
             0.8888888888888888,
             "#fdca26"
            ],
            [
             1,
             "#f0f921"
            ]
           ]
          },
          "colorway": [
           "#636efa",
           "#EF553B",
           "#00cc96",
           "#ab63fa",
           "#FFA15A",
           "#19d3f3",
           "#FF6692",
           "#B6E880",
           "#FF97FF",
           "#FECB52"
          ],
          "font": {
           "color": "#2a3f5f"
          },
          "geo": {
           "bgcolor": "white",
           "lakecolor": "white",
           "landcolor": "#E5ECF6",
           "showlakes": true,
           "showland": true,
           "subunitcolor": "white"
          },
          "hoverlabel": {
           "align": "left"
          },
          "hovermode": "closest",
          "mapbox": {
           "style": "light"
          },
          "paper_bgcolor": "white",
          "plot_bgcolor": "#E5ECF6",
          "polar": {
           "angularaxis": {
            "gridcolor": "white",
            "linecolor": "white",
            "ticks": ""
           },
           "bgcolor": "#E5ECF6",
           "radialaxis": {
            "gridcolor": "white",
            "linecolor": "white",
            "ticks": ""
           }
          },
          "scene": {
           "xaxis": {
            "backgroundcolor": "#E5ECF6",
            "gridcolor": "white",
            "gridwidth": 2,
            "linecolor": "white",
            "showbackground": true,
            "ticks": "",
            "zerolinecolor": "white"
           },
           "yaxis": {
            "backgroundcolor": "#E5ECF6",
